59
281
897
299
964
965
936
707
827
704
506
197
316
405
248
688
996
753
303
979
563
556
914
966
495
82
315
763
926
458
761
101
584
998
628
763
20
673
422
322
998
789
164
969
822
353
58
717
595
539
594
887
885
101
213
344
41
620
447
611
448
947
32
639
333
296
799
719
371
7
312
738
180
133
111
748
38
634
97
607
532
164
86
261
647
134
808
107
793
986
625
749
544
367
121
363
507
245
238
876
512
780
65
71
543
191
514
824
178
720
65
631
70
246
481
737
942
58
898
217
859
778
968
522
93
474
800
181
691
528
311
504
21
943
171
407
909
364
3
701
686
252
625
500
409
327
132
712
751
611
346
936
580
138
705
473
39
677
969
557
11
624
214
393
236
550
472
30
967
750
25
618
978
571
788
163
951
185
462
418
753
969
117
193
859
620
653
977
267
692
157
435
532
252
512
55
190
981
735
911
733
145
447
310
434
498
544
852
834
399
628
258
379
83
982
188
750
324
939
136
715
454
287
412
905
52
932
176
790
411
470
445
260
293
404
33
642
369
749
384
699
160
435
380
119
282
460
255
299
266
986
922
745
270
679
160
269
532
399
322
246
527
4
433
604
390
409
820
893
314
254
704
719
335
502
508
75
107
18
972
623
8
734
563
760
228
315
98
400
250
330
896
754
504
804
320
33
832
699
7
920
792
295
686
871
785
677
22
769
416
512
520
256
530
117
192
73
853
342
317
107
255
169
337
425
219
42
678
489
217
842
994
896
374
124
181
462
920
700
283
198
724
888
297
729
361
798
733
26
18
835
751
888
777
184
576
470
720
423
943
304
597
585
266
673
770
890
313
903
522
123
220
140
796
126
774
410
950
139
45
356
94
805
602
823
162
499
742
621
952
252
401
154
975
963
654
276
119
777
29
733
800
469
150
708
496
437
609
591
296
430
312
813
366
453
10
727
63
391
113
825
722
757
420
278
63
644
856
651
513
386
893
891
709
652
864
158
879
710
4
822
819
371
688
33
684
688
978
548
877
826
323
161
919
660
939
937
275
537
202
650
786
369
140
248
511
639
951
942
536
205
318
502
494
794
183
649
371
876
545
18
435
252
814
31
984
999
203
127
986
644
671
280
542
313
968
371
590
365
382
18
189
505
927
715
218
642
810
664
384
857
206
551
939
634
541
585
633
198
745
539
25
158
158
195
439
871
89
556
515
901
335
401
536
705
332
312
441
201
976
68
715
197
589
392
152
750
925
406
819
388
625
772
432
822
989
438
722
152
526
99
352
866
276
970
347
867
522
257
43
570
119
707
55
703
373
17
835
727
61
435
963
982
915
797
456
526
689
436
3
348
660
819
229
94
290
527
805
707
584
204
456
395
604
397
697
175
468
784
436
834
165
157
411
491
431
665
807
165
998
241
294
623
531
836
149
546
654
96
103
549
563
342
42
842
863
300
693
423
430
829
30
518
286
28
164
597
723
472
157
736
139
23
290
243
382
591
53
480
674
485
292
518
570
477
721
828
788
533
265
517
137
219
503
698
254
158
844
478
306
570
891
693
332
817
903
963
458
126
136
861
757
89
367
984
147
371
843
496
370
45
456
302
714
349
997
304
888
241
911
374
149
26
107
551
563
513
37
658
56
603
407
30
745
947
623
262
873
328
317
946
593
726
45
156
704
593
594
65
446
736
137
412
408
341
867
736
599
98
631
209
820
81
503
616
492
43
239
559
228
32
985
206
575
785
697
996
489
202
253
552
336
295
324
675
412
405
702
690
255
152
931
634
290
540
757
702
693
869
131
166
700
634
249
468
958
360
375
538
967
453
5
466
61
447
273
524
900
710
354
220
913
590
29
475
700
156
504
242
966
225
42
907
148
85
949
557
553
390
994
808
471
52
383
178
432
528
5
170
504
817
789
105
284
655
643
431
26
824
651
724
174
277
887
834
409
729
484
667
226
733
333
898
943
778
120
520
14
860
231
496
483
62
437
945
427
161
149
241
285
936
487
85
14
862
351
177
165
137
193
332
47
533
186
977
360
388
77
827
838
185
68
124
713
520
699
265
19
988
862
815
77
399
746
875
836
43
730
535
44
192
976
655
676
840
772
546
400
763
442
221
348
340
15
743
921
219
697
868
863
823
571
625
393
916
926
677
731
918
28
326
989
430
177
788
6
476
396
951
373
305
159
158
610
194
168
674
165
598
275
435
665
152
320
331
653
506
843
767
853
671
300
481
863
622
702
657
55
155
348
141
387
595
624
212
765
825
691
694
578
